%YAML:1.0
---
Class Negative:
   Precision: 1.
   Recall: 1.
   F1 Score: 1.
Class Leg:
   Precision: 9.9832963943481445e-01
   Recall: 9.9583446979522705e-01
   F1 Score: 9.9708050489425659e-01
Class Squat:
   Precision: 9.9300044775009155e-01
   Recall: 9.9718838930130005e-01
   F1 Score: 9.9509000778198242e-01
confusion matrix: !!opencv-matrix
   rows: 3
   cols: 3
   dt: f
   data: [ 2865., 0., 0., 0., 3586., 15., 0., 6., 2128. ]
confusion matrix: !!opencv-matrix
   rows: 3
   cols: 3
   dt: f
   data: [ 1., 0., 0., 0., 9.95834470e-01, 4.16550925e-03, 0.,
       2.81162141e-03, 9.97188389e-01 ]
Macro Precision: 9.9711006879806519e-01
Macro Recall: 9.9767428636550903e-01
Macro F1 Score: 9.9739021062850952e-01
Accuracy: 9.9755811691284180e-01
