%YAML:1.0
---
Class Negative:
   Precision: 9.9651265144348145e-01
   Recall: 9.7943443059921265e-01
   F1 Score: 9.8789972066879272e-01
Class Leg:
   Precision: 7.0209974050521851e-01
   Recall: 9.7449910640716553e-01
   F1 Score: 8.1617093086242676e-01
Class Squat:
   Precision: 9.7353184223175049e-01
   Recall: 7.3793101310729980e-01
   F1 Score: 8.3951497077941895e-01
confusion matrix: !!opencv-matrix
   rows: 3
   cols: 3
   dt: f
   data: [ 2286., 40., 8., 4., 1070., 24., 4., 414., 1177. ]
confusion matrix: !!opencv-matrix
   rows: 3
   cols: 3
   dt: f
   data: [ 9.79434431e-01, 1.71379596e-02, 3.42759211e-03,
       3.64298723e-03, 9.74499106e-01, 2.18579229e-02, 2.50783702e-03,
       2.59561121e-01, 7.37931073e-01 ]
Macro Precision: 8.9071482419967651e-01
Macro Recall: 8.9728814363479614e-01
Macro F1 Score: 8.8119524717330933e-01
Accuracy: 9.0173065662384033e-01
