%YAML:1.0
---
Class Negative:
   Precision: 9.8852276802062988e-01
   Recall: 9.8197865486145020e-01
   F1 Score: 9.8523986339569092e-01
Class Leg:
   Precision: 7.9447984695434570e-01
   Recall: 8.9736211299896240e-01
   F1 Score: 8.4279280900955200e-01
Class Squat:
   Precision: 8.8934636116027832e-01
   Recall: 7.8724372386932373e-01
   F1 Score: 8.3518612384796143e-01
confusion matrix: !!opencv-matrix
   rows: 3
   cols: 3
   dt: f
   data: [ 2670., 33., 16., 15., 1871., 199., 16., 451., 1728. ]
confusion matrix: !!opencv-matrix
   rows: 3
   cols: 3
   dt: f
   data: [ 9.81978714e-01, 1.21368151e-02, 5.88451652e-03,
       7.19424477e-03, 8.97362113e-01, 9.54436436e-02, 7.28929369e-03,
       2.05466971e-01, 7.87243724e-01 ]
Macro Precision: 8.9078301191329956e-01
Macro Recall: 8.8886147737503052e-01
Macro F1 Score: 8.8773965835571289e-01
Accuracy: 8.9569938182830811e-01
