%YAML:1.0
---
Class Negative:
   Precision: 9.8884761333465576e-01
   Recall: 9.7830086946487427e-01
   F1 Score: 9.8354595899581909e-01
Class Leg:
   Precision: 7.9811632633209229e-01
   Recall: 9.3477219343185425e-01
   F1 Score: 8.6105597019195557e-01
Class Squat:
   Precision: 9.2608463764190674e-01
   Recall: 7.8769934177398682e-01
   F1 Score: 8.5130482912063599e-01
confusion matrix: !!opencv-matrix
   rows: 3
   cols: 3
   dt: f
   data: [ 2660., 42., 17., 15., 1949., 121., 15., 451., 1729. ]
confusion matrix: !!opencv-matrix
   rows: 3
   cols: 3
   dt: f
   data: [ 9.78300869e-01, 1.54468557e-02, 6.25229860e-03,
       7.19424477e-03, 9.34772193e-01, 5.80335744e-02, 6.83371304e-03,
       2.05466971e-01, 7.87699282e-01 ]
Macro Precision: 9.0434950590133667e-01
Macro Recall: 9.0025740861892700e-01
Macro F1 Score: 8.9863556623458862e-01
Accuracy: 9.0555793046951294e-01
