%YAML:1.0
---
Class Negative:
   Precision: 9.9982124567031860e-01
   Recall: 9.9625933170318604e-01
   F1 Score: 9.9803704023361206e-01
Class Leg:
   Precision: 9.8856598138809204e-01
   Recall: 9.9735641479492188e-01
   F1 Score: 9.9294173717498779e-01
Class Squat:
   Precision: 9.9662470817565918e-01
   Recall: 9.9145299196243286e-01
   F1 Score: 9.9403214454650879e-01
confusion matrix: !!opencv-matrix
   rows: 3
   cols: 3
   dt: f
   data: [ 5593., 20., 1., 1., 4150., 10., 0., 28., 3248. ]
confusion matrix: !!opencv-matrix
   rows: 3
   cols: 3
   dt: f
   data: [ 9.96259332e-01, 3.56252212e-03, 1.78126109e-04,
       2.40326845e-04, 9.97356415e-01, 2.40326836e-03, 0.,
       8.54700897e-03, 9.91453052e-01 ]
Macro Precision: 9.9500399827957153e-01
Macro Recall: 9.9502295255661011e-01
Macro F1 Score: 9.9500364065170288e-01
Accuracy: 9.9540263414382935e-01
